# log10(M*) \in [10.7 11.0]
# r is in unit of R200
#r_mid , r_up   , r_low  ,  y1e8_up , y1e8_mid, y1e8_low
0.47601, 0.94867, 0.10123, 12.30756, 10.80320, 9.41900
1.42771, 2.36190, 0.47172, 11.37640, 10.44503, 9.44019
2.67881, 3.60573, 1.73043, 8.17531 , 7.53983 , 6.93812
3.93108, 4.82968, 2.96394, 6.11752 , 5.56641 , 5.08777
5.16503, 6.07471, 4.19910, 5.18008 , 4.70284 , 4.29846
6.39556, 7.31572, 5.45232, 4.59831 , 4.13730 , 3.70581
7.64191, 8.56787, 6.66875, 4.12801 , 3.52702 , 2.98654







